Top = [-0.278017,0.021560,0.540016]
Cover = [0.608477,0.022030,0.394056]
Back = [-0.949376,0.023466,0.254870]
Front = [0.821696,0.019664,0.315638]
Frame = [0.011817,0.023199,0.222830]
BackFenderLeft = [-0.612188,0.382908,0.298675]
BackFenderRight = [-0.611421,-0.343671,0.298771]
FrontFenderLeft = [0.608472,0.377216,0.307226]
FrontFenderRight = [0.610052,-0.331327,0.306847]
DoorLeft = [0.007615,0.395684,0.279201]
DoorRight = [0.007723,-0.353816,0.279249]
Glass = [-0.110594,0.016783,0.478256]
Trunk = [-0.883784,0.019871,0.371751]
